1,9.52
2,5.44
3,9.86
4,8.60
5,12.02
6,7.33
7,2.83
8,10.37
9,3.65
10,26.64
11,28.25
12,28.07
13,24.75
14,30.90
15,32.24
16,29.31
17,29.50
18,32.79
19,7.46
20,31.11
21,30.11
22,33.87
23,37.01
24,35.83
25,36.74
26,31.83
27,33.76
28,30.91
29,10.96
30,17.35
31,23.73
32,17.63
33,11.80
34,20.27
35,21.02
36,26.11
37,19.40
38,16.03
39,16.06
40,19.47
41,20.43
42,26.08
43,21.60
44,18.64
45,24.54
46,23.64
47,19.13
48,19.48
49,24.83
50,19.76
51,26.22
52,17.81
53,16.30
54,25.55
55,31.36
56,27.34
57,17.91
58,16.08
59,21.72
60,9.63
61,38.30
62,21.37
63,9.37
64,11.56
65,41.49
66,35.00
67,10.94
68,42.80
69,19.82
70,42.15
71,15.40
72,31.55
73,12.75
74,32.70
75,40.87
76,15.26
77,32.04
78,14.03
79,44.21
80,34.79
81,13.61
82,19.35
83,29.95
84,44.33
85,14.08
86,30.24
87,12.28
88,14.83
89,28.45
90,43.01
91,25.59
92,25.55
93,10.22
94,45.37
95,10.74
96,22.80
97,40.65
98,18.85
99,9.76
100,10.29
101,21.87
102,10.21
103,41.31
104,42.01
105,13.08
106,8.97
107,21.44
108,8.84
109,8.10
110,11.28
111,8.58
112,11.50
113,11.26
114,10.92
115,31.33
116,9.86
117,30.12
118,31.75
119,9.64
120,10.54
121,30.59
122,10.31
123,17.19
124,10.29
125,15.34
126,10.89
127,16.21
128,30.62
129,9.42
130,26.00
131,13.69
132,27.98
133,16.96
134,31.05
135,14.90
136,13.34
137,26.22
138,13.93
139,24.78
140,10.05
141,11.54
142,12.21
143,9.48
144,9.92
145,9.05
146,11.43
147,9.73
148,29.44
149,9.36
150,28.57
151,29.31
152,9.80
153,24.63
154,16.60
155,56.69
156,5.95
157,11.37
158,9.29
159,5.16
160,5.14
161,11.72
162,27.70
163,136.27
164,113.70
165,66.41
166,20.29
167,18.88
168,40.33
169,30.46
170,93.50
171,95.93
172,41.27
173,69.18
174,25.31
175,103.50
176,18.50
177,112.01
178,76.46
179,119.61
180,114.01
181,118.03
182,71.96
183,84.11
184,98.02
185,66.20
186,65.86
187,72.15
188,60.85
189,58.41
190,66.24
191,65.81
192,51.24
193,43.19
194,62.78
195,40.48
196,80.25
197,85.56
198,40.84
199,82.29
200,85.43
201,71.94
202,80.86
203,39.24
204,65.23
205,90.92
206,47.49
207,31.30
208,32.39
209,31.40
210,26.56
211,38.76
212,28.97
213,23.67
214,19.86
215,17.43
216,33.21
217,13.84
218,9.32
219,13.89
220,8.11
221,14.79
222,9.39
223,6.35
224,24.76
225,21.10
226,14.82
227,27.22
228,14.61
229,38.42
230,22.44
231,35.62
232,86.24
233,161.90
234,138.74
235,126.68
236,132.77
237,127.82
238,88.76
239,103.94
240,159.50
241,112.63
242,126.72
243,85.61
244,64.98
245,99.84
246,103.13
247,131.45
248,87.59
249,83.13
250,103.75
251,110.47
252,91.26
253,84.98
254,62.14
255,90.45
256,107.29
257,71.94
258,103.09
259,57.75
260,49.42
261,85.47
262,61.97
263,50.43
264,49.91
265,92.75
266,37.65
267,29.00
268,59.21
269,56.74
270,28.63
271,63.10
272,51.36
273,36.67
274,65.08
275,52.51
276,32.60
277,53.50
278,62.98
279,77.62
280,20.82
281,64.28
282,71.99
283,59.54
284,21.90
285,49.10
286,23.88
287,21.67
288,14.02
289,17.41
290,35.24
291,10.34
292,34.47
293,36.22
294,26.97
295,43.14
296,16.19
297,3.64
298,65.20
299,20.70
300,16.13
301,51.51
302,63.53
303,101.18
304,22.14
305,21.40
306,141.19
307,22.22
308,21.60
309,36.59
310,36.95
311,12.89
312,31.85
313,43.47
314,25.52
315,24.57
316,31.95
317,28.21
318,30.60
319,27.60
320,54.90
321,23.72
322,42.73
323,40.24
324,42.30
325,134.43
326,30.06
327,27.80
328,16.54
329,44.97
330,22.04
331,28.86
332,44.66
333,24.11
334,59.16
335,21.85
336,21.64
337,36.67
338,18.47
339,20.46
340,24.25
341,15.27
342,19.01
343,28.32
344,15.52
345,21.65
346,36.70
347,28.18
348,28.88
349,20.16
350,29.50
351,21.25
352,29.52
353,18.78
354,35.68
355,17.18
356,25.03
357,17.01
358,17.08
359,15.47
360,20.73
361,36.13
362,18.08
363,16.52
364,31.98
365,17.68
366,13.63
367,28.16
368,27.07
369,25.24
370,17.47
371,14.55
372,28.96
373,31.46
374,24.86
375,4.70
376,9.65
377,24.80
378,25.34
379,37.26
380,26.87
381,8.75
382,26.61
383,49.95
384,7.49
385,76.30
386,14.17
387,40.65
388,56.44
389,9.09
390,16.66
391,19.73
392,19.31
393,11.11
394,12.68
395,17.08
396,29.70
397,16.19
398,19.33
399,11.47
400,14.88
401,59.97
402,13.15
403,58.40
404,18.29
405,30.20
406,32.75
407,23.97
408,53.08
409,21.96
410,26.81
411,55.64
412,51.10
413,37.79
414,51.42
415,26.42
416,10.72
417,55.43
418,14.02
419,19.89
420,12.71
421,36.71
422,14.26
423,21.81
424,4.78
425,14.34
426,4.23
427,10.63
428,35.78
429,46.29
430,4.85
431,48.42
432,12.20
433,14.36
434,20.19
435,17.72
436,17.45
437,-0.12
438,16.08
439,21.92
440,43.42
441,2.82
442,7.00
443,29.59
444,36.91
445,11.80
446,47.73
447,54.30
448,6.15
449,45.08
450,15.30
451,19.18
452,31.14
453,9.22
454,5.16
455,14.11
456,24.63
457,9.42
458,12.25
459,5.25
460,23.67
461,11.06
462,5.41
463,6.42
464,1.39
465,18.49
466,28.86
467,32.70
468,43.91
469,1.80
470,23.94
471,49.10
472,36.35
473,38.81
474,55.41
475,36.57
476,4.24
477,54.79
478,10.22
479,34.48
480,16.54
481,25.76
482,53.95
483,16.90
484,9.00
485,14.35
486,40.89
487,138.08
488,36.67
489,43.94
490,29.08
491,123.56
492,37.84
493,32.45
494,40.86
495,43.78
496,18.93
497,43.17
498,31.42
499,45.91
500,85.67
501,34.55
502,46.15
503,49.99
504,47.13
505,97.21
506,50.17
507,23.39
508,51.91
509,103.91
510,27.74
511,60.42
512,50.62
513,27.68
514,52.05
515,75.46
516,59.07
517,45.33
518,62.68
519,71.25
520,22.07
521,60.67
522,95.38
523,40.39
524,52.72
525,59.13
526,110.71
527,45.96
528,72.34
529,47.27
530,122.12
531,80.88
532,54.65
533,109.40
534,90.80
535,66.51
536,113.32
537,35.59
538,47.52
539,78.71
540,24.53
541,28.15
542,145.69
543,31.21
544,44.26
545,114.67
546,38.62
547,46.93
548,97.04
549,37.62
550,121.25
551,43.85
552,51.12
553,39.69
554,121.83
555,28.00
556,58.61
557,98.69
558,123.89
559,54.68
560,70.98
561,133.28
562,43.40
563,50.59
564,85.36
565,125.24
566,53.41
567,98.11
568,49.64
569,95.57
570,49.86
571,96.52
572,62.97
573,118.07
574,36.62
575,91.20
576,115.06
577,41.23
578,53.93
579,90.80
580,41.38
581,59.00
582,106.02
583,38.02
584,57.29
585,35.53
586,98.86
587,52.69
588,109.41
589,107.64
590,51.92
591,104.71
592,114.11
593,35.87
594,86.14
595,26.67
596,45.45
597,105.16
598,111.17
599,82.64
600,92.53
601,37.82
602,122.05
603,72.01
604,20.47
605,125.14
606,93.50
607,38.46
608,115.71
609,6.71
610,16.55
611,129.06
612,5.08
613,8.81
614,8.59
615,5.33
616,5.12
617,17.85
618,19.46
619,11.19
620,15.66
621,14.23
622,16.05
623,12.21
624,16.28
625,20.56
626,15.41
627,17.16
628,16.86
629,14.21
630,5.43
631,18.06
632,15.24
633,15.35
634,12.93
635,13.86
636,15.24
637,8.62
638,17.96
639,14.86
640,14.07
641,8.75
642,15.48
643,18.20
644,12.02
645,34.03
646,11.79
647,31.23
648,10.91
649,23.29
650,13.15
651,37.33
652,25.59
653,41.30
654,15.58
655,114.17
656,24.85
657,70.75
658,75.95
659,117.93
660,8.24
661,70.14
662,20.04
663,31.96
664,30.13
665,11.22
666,87.67
667,113.87
668,101.15
669,134.38
670,24.48
671,76.15
672,92.58
673,52.79
674,58.01
675,70.01
676,54.89
677,68.07
678,62.74
679,47.91
680,50.52
681,67.67
682,61.44
683,66.29
684,44.43
685,60.19
686,60.52
687,56.35
688,50.78
689,60.01
690,62.59
691,55.25
692,59.70
693,64.58
694,18.07
695,14.27
696,16.41
697,16.99
698,14.38
699,8.41
700,18.86
701,9.20
702,9.57
703,12.18
704,13.75
705,11.61
706,14.86
707,14.71
708,13.77
709,12.30
710,8.98
711,7.98
712,7.45
713,11.05
714,16.89
715,13.16
716,7.13
717,15.78
718,10.91
719,13.65
720,7.16
721,13.47
722,18.66
723,16.22
724,18.83
725,7.23
726,15.57
727,16.95
728,22.78
729,16.39
730,9.38
731,16.23
732,8.97
733,17.68
734,15.17
735,17.29
736,7.13
737,15.45
738,18.21
739,16.61
740,12.83
741,16.56
742,14.13
743,17.18
744,9.01
745,18.56
746,19.23
747,8.46
748,15.36
749,16.76
750,8.06
751,15.16
752,14.02
753,17.08
754,14.74
755,19.15
756,18.84
757,18.71
758,15.44
759,17.81
760,19.76
761,19.36
762,14.44
763,21.11
764,14.94
765,10.37
766,13.10
767,12.31
768,17.95
769,20.55
770,14.22
771,14.34
772,17.62
773,13.75
774,12.46
775,18.45
776,13.65
777,20.52
778,14.74
779,17.52
780,15.57
781,14.10
782,13.87
783,8.15
784,14.71
785,6.18
786,11.80
787,21.20
788,7.24
789,16.00
790,14.78
791,7.03
792,5.98
793,15.44
794,21.19
795,7.07
796,8.80
797,18.87
798,12.67
799,7.65
800,22.54
801,19.63
802,13.08
803,11.47
804,16.46
805,7.87
806,9.79
807,12.32
808,14.57
809,19.02
810,5.65
811,10.10
812,7.84
813,12.34
814,6.87
815,18.60
816,14.19
817,5.15
818,14.75
819,21.39
820,14.24
821,23.48
822,9.40
823,23.52
824,8.37
825,19.85
826,16.84
827,18.98
828,7.24
829,7.81
830,12.77
831,18.53
832,20.15
833,21.63
834,19.51
835,20.75
836,7.81
837,21.73
838,21.18
839,16.73
840,7.17
841,21.33
842,22.27
843,13.49
844,21.50
845,14.76
846,12.68
847,6.36
848,6.33
849,7.01
850,24.50
851,23.19
852,20.81
853,8.17
854,16.69
855,19.09
856,13.68
857,18.22
858,17.64
859,16.41
860,10.75
861,18.64
862,17.43
863,12.27
864,15.98
865,8.81
866,7.74
867,18.37
868,19.53
869,9.20
870,17.73
871,7.75
872,14.33
873,9.73
874,17.28
875,15.70
876,17.14
877,17.38
878,8.37
879,13.70
880,12.98
881,16.03
882,12.48
883,6.85
884,15.80
885,12.62
886,20.13
887,12.47
888,17.80
889,13.70
890,12.38
891,17.96
892,12.32
893,13.52
894,19.71
895,7.47
896,12.31
897,16.06
898,14.86
899,13.85
900,19.61
901,6.26
902,16.85
903,20.87
904,24.88
905,15.01
906,20.76
907,14.24
908,24.39
909,5.93
910,17.54
911,5.91
912,20.69
913,5.64
914,20.97
915,21.49
916,44.86
917,23.31
918,44.82
919,43.62
920,41.92
921,45.07
922,58.57
923,35.41
924,40.64
925,40.43
926,35.23
927,26.06
928,38.38
929,32.65
930,29.66
931,45.39
932,42.45
933,47.64
934,46.33
935,37.07
936,23.87
937,46.28
938,38.14
939,32.50
940,52.47
941,44.83
942,41.83
943,31.59
944,28.83
945,42.63
946,44.30
947,37.11
948,31.72
949,38.33
950,28.45
951,43.69
952,30.91
953,28.77
954,42.09
955,22.34
956,29.00
957,28.00
958,40.15
959,28.06
960,37.46
961,35.35
962,24.52
963,36.63
964,36.44
965,27.50
966,38.59
967,41.01
968,50.96
969,27.49
970,27.09
971,47.75
972,36.37
973,36.36
974,40.90
975,37.07
976,28.91
977,37.11
978,61.50
979,40.12
980,35.20
981,58.43
982,35.08
983,37.59
984,27.02
985,40.47
986,34.85
987,37.88
988,34.82
989,33.70
990,62.81
991,23.33
992,27.36
993,26.72
994,50.52
995,27.14
996,34.91
997,29.82
998,32.09
999,25.23
1000,31.22
